2 0.5 0.5390625 0.9484375 0.403125
15 0.290625 0.18125 0.5671875 0.1125
11 0.1484375 0.178125 0.0671875 0.09375
19 0.2234375 0.178125 0.0703125 0.096875
18 0.0984375 0.4046875 0.0828125 0.09375
18 0.096875 0.528125 0.0859375 0.090625
18 0.1046875 0.653125 0.0890625 0.0953125
17 0.0578125 0.409375 0.0734375 0.078125
17 0.38125 0.3859375 0.0984375 0.0859375
6 0.03125 0.45 0.0625 0.053125
6 0.0265625 0.5765625 0.053125 0.0625
6 0.028125 0.7015625 0.05625 0.053125
5 0.9234375 0.14375 0.1515625 0.0375