2 0.5015625 0.5359375 0.946875 0.403125
15 0.29375 0.18125 0.56875 0.1109375
11 0.1484375 0.1765625 0.0671875 0.1
19 0.2234375 0.1765625 0.065625 0.09375
18 0.103125 0.4015625 0.071875 0.090625
18 0.1984375 0.4 0.08125 0.1
18 0.2984375 0.403125 0.0875 0.0875
18 0.0953125 0.53125 0.0875 0.0875
18 0.3 0.528125 0.0828125 0.0953125
18 0.1015625 0.659375 0.09375 0.090625
18 0.1984375 0.6546875 0.078125 0.090625
10 0.4078125 0.4015625 0.0875 0.0984375
10 0.4 0.5296875 0.0890625 0.090625
10 0.2078125 0.5328125 0.0875 0.0875
10 0.30625 0.6515625 0.1 0.0984375
20 0.6359375 0.634375 0.1078125 0.1578125
20 0.95625 0.6328125 0.0859375 0.1421875
20 0.975 0.509375 0.05 0.165625
6 0.0265625 0.45 0.0515625 0.0578125
6 0.028125 0.5765625 0.0546875 0.0546875
6 0.0265625 0.703125 0.0515625 0.0578125
17 0.3703125 0.396875 0.09375 0.0953125
5 0.9234375 0.146875 0.14375 0.0421875