2 0.503125 0.5375 0.9578125 0.4078125
15 0.2921875 0.1828125 0.5703125 0.1140625
11 0.15 0.178125 0.0625 0.090625
19 0.225 0.1765625 0.0703125 0.0953125
18 0.096875 0.4 0.084375 0.09375
18 0.2 0.4015625 0.0796875 0.1
18 0.303125 0.403125 0.090625 0.09375
18 0.1078125 0.5296875 0.084375 0.090625
18 0.3046875 0.5265625 0.0828125 0.1
18 0.0953125 0.653125 0.0828125 0.096875
18 0.2078125 0.6546875 0.0875 0.09375
10 0.4046875 0.4015625 0.0875 0.1015625
10 0.403125 0.5265625 0.09375 0.090625
10 0.20625 0.528125 0.0875 0.09375
10 0.3140625 0.6609375 0.096875 0.08125
20 0.6515625 0.63125 0.0921875 0.1640625
20 0.9640625 0.63125 0.0703125 0.1546875
20 0.984375 0.4953125 0.03125 0.1140625
6 0.028125 0.45 0.05625 0.05
6 0.028125 0.578125 0.0546875 0.05625
6 0.0265625 0.7015625 0.0515625 0.0515625
17 0.36875 0.3125 0.0828125 0.078125
5 0.921875 0.146875 0.1453125 0.0421875