2 0.5015625 0.5375 0.95625 0.409375
15 0.290625 0.18125 0.559375 0.1109375
11 0.15 0.1765625 0.0671875 0.09375
19 0.2234375 0.1765625 0.0703125 0.0953125
18 0.1015625 0.4015625 0.0875 0.090625
18 0.2046875 0.403125 0.0875 0.0828125
18 0.303125 0.4015625 0.08125 0.090625
18 0.5984375 0.403125 0.084375 0.0890625
18 0.1015625 0.528125 0.0828125 0.0875
18 0.3046875 0.528125 0.08125 0.090625
18 0.603125 0.5296875 0.078125 0.09375
18 0.1015625 0.6515625 0.0796875 0.0875
18 0.2109375 0.6546875 0.0875 0.0875
18 0.609375 0.65625 0.0765625 0.0890625
10 0.3984375 0.4 0.0859375 0.1
10 0.50625 0.403125 0.0859375 0.10625
10 0.2078125 0.5265625 0.075 0.1
10 0.40625 0.5296875 0.0859375 0.084375
10 0.503125 0.528125 0.0859375 0.090625
10 0.3046875 0.6546875 0.0828125 0.090625
10 0.4015625 0.6515625 0.0875 0.0875
20 0.8453125 0.384375 0.0953125 0.1546875
20 0.7890625 0.6375 0.109375 0.1515625
6 0.028125 0.453125 0.0546875 0.059375
6 0.028125 0.58125 0.0546875 0.05625
6 0.025 0.7 0.0484375 0.05
17 0.1796875 0.4265625 0.0890625 0.10625
17 0.475 0.3875 0.090625 0.090625
5 0.921875 0.1453125 0.1484375 0.0390625