2 0.4984375 0.5390625 0.9484375 0.4125
15 0.2890625 0.18125 0.56875 0.1125
11 0.15 0.178125 0.065625 0.09375
19 0.2234375 0.178125 0.065625 0.0953125
18 0.1 0.3984375 0.0875 0.1015625
18 0.19375 0.4015625 0.0859375 0.090625
18 0.0953125 0.5296875 0.075 0.09375
18 0.0984375 0.6546875 0.0859375 0.09375
10 0.2078125 0.53125 0.0875 0.0984375
10 0.3984375 0.4 0.096875 0.0859375
20 0.7 0.5234375 0.075 0.1171875
20 0.95 0.3796875 0.0984375 0.1578125
6 0.0265625 0.45 0.053125 0.0515625
6 0.0328125 0.575 0.065625 0.06875
6 0.028125 0.7046875 0.05625 0.0484375
17 0.065625 0.5703125 0.08125 0.075
5 0.921875 0.14375 0.1453125 0.0375