2 0.4984375 0.5375 0.953125 0.409375
15 0.296875 0.18125 0.571875 0.1109375
11 0.15 0.1796875 0.0609375 0.090625
19 0.2234375 0.1765625 0.06875 0.1
18 0.0984375 0.4015625 0.0671875 0.0953125
18 0.2 0.4015625 0.0828125 0.0984375
18 0.1 0.5265625 0.0828125 0.103125
18 0.0984375 0.6515625 0.0859375 0.096875
10 0.2015625 0.5265625 0.090625 0.103125
20 0.8375 0.5140625 0.109375 0.153125
6 0.0265625 0.4515625 0.0515625 0.05
6 0.0265625 0.575 0.053125 0.0609375
6 0.0296875 0.7046875 0.059375 0.05
17 0.1890625 0.421875 0.0953125 0.0875
17 0.5796875 0.3 0.0875 0.109375
5 0.9203125 0.146875 0.1453125 0.04375