2 0.503125 0.5390625 0.9484375 0.403125
15 0.2921875 0.1796875 0.5625 0.109375
11 0.1515625 0.1796875 0.065625 0.09375
19 0.221875 0.1796875 0.0671875 0.0984375
18 0.096875 0.4 0.08125 0.0953125
18 0.2 0.4015625 0.078125 0.0921875
18 0.3015625 0.4015625 0.08125 0.0953125
18 0.1 0.5265625 0.0765625 0.103125
18 0.3015625 0.5265625 0.0765625 0.09375
18 0.096875 0.653125 0.084375 0.0953125
18 0.2046875 0.65 0.0890625 0.1015625
18 0.603125 0.4015625 0.0890625 0.1015625
10 0.3953125 0.403125 0.078125 0.090625
10 0.1984375 0.534375 0.0765625 0.0859375
10 0.4 0.5296875 0.0859375 0.0828125
10 0.303125 0.6515625 0.0796875 0.0921875
10 0.4 0.65625 0.0875 0.0828125
20 0.6984375 0.6296875 0.1 0.153125
6 0.0265625 0.4515625 0.0515625 0.05
6 0.0265625 0.575 0.053125 0.0546875
6 0.025 0.6984375 0.05 0.05625
17 0.0859375 0.4390625 0.075 0.075
5 0.91875 0.1453125 0.146875 0.0390625