2 0.5015625 0.5375 0.953125 0.4109375
15 0.290625 0.18125 0.56875 0.1109375
11 0.15 0.1765625 0.0671875 0.0921875
19 0.225 0.175 0.065625 0.0953125
18 0.0984375 0.3984375 0.0875 0.0953125
18 0.1984375 0.3984375 0.084375 0.103125
18 0.3 0.3984375 0.084375 0.103125
18 0.60625 0.4015625 0.0828125 0.0890625
18 0.1078125 0.53125 0.0828125 0.0875
18 0.3078125 0.5234375 0.0828125 0.0953125
18 0.6078125 0.5296875 0.078125 0.0890625
18 0.10625 0.6546875 0.075 0.084375
18 0.2015625 0.65625 0.090625 0.0859375
18 0.6078125 0.6484375 0.0890625 0.084375
14 0.8609375 0.459375 0.0703125 0.1015625
10 0.403125 0.4046875 0.0875 0.1
10 0.5 0.403125 0.0890625 0.0984375
10 0.2140625 0.5328125 0.090625 0.0859375
10 0.40625 0.5296875 0.0796875 0.0828125
10 0.5046875 0.5265625 0.0875 0.0921875
10 0.30625 0.6546875 0.084375 0.09375
10 0.4 0.653125 0.090625 0.09375
10 0.50625 0.6515625 0.0859375 0.0875
6 0.025 0.4484375 0.05 0.0625
6 0.0296875 0.575 0.0578125 0.053125
6 0.0296875 0.7015625 0.059375 0.05
5 0.921875 0.1453125 0.140625 0.0390625