2 0.5046875 0.534375 0.9484375 0.4171875
15 0.2921875 0.18125 0.5640625 0.1125
11 0.1515625 0.178125 0.0640625 0.090625
19 0.2234375 0.178125 0.0640625 0.0921875
18 0.1015625 0.4046875 0.0828125 0.0890625
18 0.196875 0.4015625 0.0828125 0.096875
18 0.296875 0.4 0.0796875 0.096875
18 0.09375 0.5265625 0.0734375 0.0921875
18 0.10625 0.659375 0.0890625 0.096875
18 0.2 0.6515625 0.075 0.09375
18 0.6046875 0.4015625 0.0828125 0.0953125
10 0.4015625 0.3984375 0.0875 0.096875
10 0.2 0.53125 0.0828125 0.090625
10 0.40625 0.5234375 0.0875 0.0890625
10 0.296875 0.65 0.0734375 0.09375
10 0.403125 0.6515625 0.090625 0.096875
6 0.025 0.45 0.05 0.0515625
18 0.3015625 0.5328125 0.084375 0.09375
6 0.0265625 0.5765625 0.053125 0.05625
6 0.028125 0.7015625 0.05625 0.053125
17 0.175 0.2625 0.08125 0.0890625
5 0.921875 0.1453125 0.1484375 0.0390625