2 0.5015625 0.5390625 0.9515625 0.4078125
15 0.2921875 0.18125 0.5625 0.1125
11 0.1484375 0.178125 0.065625 0.090625
19 0.2234375 0.1765625 0.0609375 0.09375
18 0.1046875 0.4 0.078125 0.090625
18 0.2015625 0.4046875 0.08125 0.090625
18 0.3015625 0.403125 0.08125 0.096875
18 0.6015625 0.3984375 0.090625 0.0984375
18 0.096875 0.528125 0.078125 0.084375
18 0.3 0.5234375 0.0703125 0.09375
18 0.596875 0.528125 0.0875 0.0859375
18 0.1015625 0.6546875 0.0859375 0.090625
18 0.2078125 0.65625 0.0828125 0.090625
18 0.6015625 0.6578125 0.0921875 0.0890625
14 0.859375 0.4609375 0.075 0.103125
10 0.409375 0.40625 0.1 0.090625
10 0.50625 0.4046875 0.0828125 0.0984375
10 0.2078125 0.5296875 0.0875 0.0875
10 0.4015625 0.528125 0.08125 0.1015625
10 0.503125 0.5296875 0.0828125 0.0828125
10 0.3015625 0.6578125 0.0953125 0.0890625
10 0.409375 0.6578125 0.0875 0.0875
10 0.503125 0.6515625 0.08125 0.0921875
6 0.0265625 0.446875 0.053125 0.0578125
6 0.0296875 0.5765625 0.0578125 0.0515625
6 0.028125 0.7 0.0546875 0.04375
5 0.9234375 0.14375 0.1421875 0.0375