2 0.5015625 0.5375 0.959375 0.403125
15 0.2890625 0.18125 0.5640625 0.1125
11 0.1484375 0.178125 0.065625 0.09375
19 0.2234375 0.178125 0.0703125 0.0984375
18 0.103125 0.378125 0.0796875 0.05625
18 0.2 0.403125 0.0875 0.084375
18 0.3046875 0.4 0.0859375 0.096875
18 0.6078125 0.4015625 0.0890625 0.096875
18 0.109375 0.534375 0.078125 0.08125
18 0.30625 0.5328125 0.08125 0.0859375
18 0.60625 0.5296875 0.0875 0.0875
18 0.1046875 0.6578125 0.0875 0.0890625
18 0.1984375 0.6546875 0.084375 0.0890625
18 0.6046875 0.6515625 0.0859375 0.0875
10 0.4015625 0.4015625 0.078125 0.0953125
10 0.5109375 0.4046875 0.0828125 0.096875
10 0.2015625 0.534375 0.084375 0.0828125
10 0.4015625 0.5296875 0.078125 0.1
10 0.5015625 0.5265625 0.084375 0.0921875
10 0.2984375 0.6546875 0.090625 0.090625
10 0.4015625 0.653125 0.090625 0.0875
10 0.50625 0.65 0.0921875 0.103125
20 0.8046875 0.38125 0.125 0.1421875
20 0.7359375 0.6546875 0.0828125 0.115625
6 0.0296875 0.45 0.0578125 0.0578125
6 0.0265625 0.5765625 0.053125 0.0625
6 0.0265625 0.7015625 0.053125 0.05
17 0.096875 0.4203125 0.0828125 0.078125
5 0.9234375 0.1453125 0.14375 0.0390625