2 0.503125 0.5375 0.9421875 0.4
15 0.296875 0.1796875 0.5703125 0.109375
11 0.1515625 0.1765625 0.0671875 0.0953125
19 0.225 0.178125 0.0640625 0.0921875
18 0.0984375 0.4015625 0.0828125 0.09375
18 0.096875 0.5265625 0.0828125 0.096875
18 0.0984375 0.6546875 0.075 0.0984375
18 0.20625 0.65625 0.075 0.090625
18 0.2 0.4015625 0.075 0.0953125
18 0.3 0.4015625 0.0890625 0.1
10 0.4046875 0.4 0.0796875 0.0953125
10 0.40625 0.528125 0.0859375 0.1
10 0.2046875 0.5234375 0.0875 0.0953125
10 0.3 0.6578125 0.0890625 0.09375
20 0.7734375 0.384375 0.096875 0.146875
20 0.790625 0.634375 0.103125 0.159375
6 0.028125 0.453125 0.05625 0.05
6 0.0265625 0.5796875 0.053125 0.0484375
6 0.0265625 0.7015625 0.0515625 0.046875
17 0.1734375 0.684375 0.0890625 0.0828125
17 0.75625 0.3421875 0.0875 0.0828125
5 0.921875 0.14375 0.146875 0.0375