2 0.496875 0.5390625 0.940625 0.396875
15 0.290625 0.1796875 0.5625 0.109375
11 0.1515625 0.178125 0.065625 0.0921875
19 0.2234375 0.1828125 0.06875 0.096875
18 0.1015625 0.4015625 0.071875 0.0921875
18 0.2046875 0.403125 0.0859375 0.0921875
18 0.09375 0.528125 0.078125 0.096875
18 0.1015625 0.65625 0.0890625 0.0953125
18 0.2015625 0.653125 0.0890625 0.096875
18 0.334375 0.5734375 0.090625 0.1015625
10 0.1953125 0.5296875 0.0828125 0.0875
10 0.403125 0.4078125 0.090625 0.090625
20 0.821875 0.5140625 0.1 0.153125
6 0.0265625 0.45 0.053125 0.053125
6 0.0265625 0.575 0.0515625 0.0546875
6 0.0265625 0.7046875 0.053125 0.053125
17 0.0796875 0.4171875 0.075 0.0734375
17 0.2421875 0.584375 0.078125 0.0828125
5 0.9234375 0.1453125 0.1515625 0.0390625