2 0.5 0.5375 0.9484375 0.409375
15 0.290625 0.18125 0.5671875 0.1125
11 0.15 0.178125 0.06875 0.096875
19 0.221875 0.1765625 0.0671875 0.0953125
18 0.1 0.3953125 0.0828125 0.1
18 0.2 0.4 0.075 0.0984375
18 0.1015625 0.525 0.0703125 0.0859375
18 0.109375 0.65625 0.0796875 0.0890625
18 0.203125 0.6515625 0.0828125 0.0875
10 0.1984375 0.525 0.078125 0.090625
10 0.4046875 0.4 0.0875 0.0875
20 0.7109375 0.4046875 0.0859375 0.125
20 0.9640625 0.5 0.071875 0.140625
6 0.028125 0.45 0.0546875 0.053125
6 0.0265625 0.5765625 0.053125 0.05
6 0.028125 0.7 0.0546875 0.053125
17 0.1890625 0.6625 0.096875 0.090625
17 0.7703125 0.5734375 0.0984375 0.103125
5 0.9234375 0.1453125 0.14375 0.0390625