2 0.496875 0.5421875 0.9515625 0.4078125
15 0.290625 0.18125 0.5671875 0.1125
11 0.15 0.178125 0.065625 0.09375
19 0.2234375 0.1765625 0.0625 0.0953125
18 0.1015625 0.4 0.078125 0.0921875
18 0.1953125 0.4046875 0.078125 0.0890625
18 0.3015625 0.4015625 0.0921875 0.096875
18 0.6140625 0.3984375 0.0625 0.0953125
18 0.0984375 0.5265625 0.0828125 0.0984375
18 0.3015625 0.525 0.0828125 0.0921875
18 0.60625 0.525 0.0765625 0.09375
18 0.7015625 0.5265625 0.084375 0.0984375
18 0.103125 0.6515625 0.0828125 0.0828125
18 0.203125 0.653125 0.08125 0.0875
18 0.6109375 0.6578125 0.0765625 0.0890625
10 0.4046875 0.4046875 0.0890625 0.09375
10 0.2046875 0.5296875 0.0875 0.09375
10 0.4015625 0.53125 0.075 0.090625
10 0.5046875 0.5234375 0.0859375 0.0953125
10 0.3046875 0.6546875 0.090625 0.1
10 0.3984375 0.6515625 0.0875 0.1
10 0.5015625 0.6484375 0.0828125 0.0921875
6 0.0296875 0.4546875 0.0578125 0.0546875
6 0.0296875 0.578125 0.0578125 0.0546875
6 0.03125 0.703125 0.0609375 0.0578125
5 0.91875 0.14375 0.1453125 0.0359375