2 0.5015625 0.5390625 0.94375 0.403125
15 0.2921875 0.18125 0.5703125 0.1125
11 0.15 0.178125 0.0671875 0.0953125
19 0.221875 0.178125 0.0625 0.1
18 0.1046875 0.4015625 0.0828125 0.0921875
18 0.2046875 0.3984375 0.08125 0.0953125
18 0.0984375 0.5265625 0.0875 0.103125
18 0.1 0.65 0.084375 0.0984375
18 0.2015625 0.6515625 0.0875 0.096875
10 0.20625 0.5296875 0.0859375 0.0921875
10 0.4046875 0.409375 0.0921875 0.0875
20 0.796875 0.38125 0.0875 0.1578125
6 0.0265625 0.4515625 0.053125 0.053125
6 0.028125 0.575 0.0546875 0.05
6 0.0296875 0.70625 0.059375 0.0578125
17 0.7875 0.6328125 0.1 0.10625
5 0.921875 0.1453125 0.1484375 0.0390625