2 0.5015625 0.5390625 0.946875 0.4109375
15 0.290625 0.1796875 0.5609375 0.109375
11 0.1484375 0.178125 0.065625 0.0953125
19 0.225 0.178125 0.065625 0.0953125
18 0.103125 0.3984375 0.0828125 0.09375
18 0.2015625 0.403125 0.075 0.0921875
18 0.303125 0.4015625 0.0875 0.096875
18 0.0984375 0.525 0.0890625 0.0953125
18 0.3 0.525 0.0859375 0.1
18 0.1015625 0.6546875 0.0796875 0.09375
18 0.20625 0.6515625 0.096875 0.096875
10 0.40625 0.40625 0.0765625 0.0921875
10 0.4 0.528125 0.0765625 0.0953125
10 0.2109375 0.5296875 0.084375 0.0859375
10 0.3 0.65625 0.0828125 0.0828125
10 0.4046875 0.6515625 0.075 0.1
20 0.7375 0.6359375 0.1078125 0.1515625
6 0.0265625 0.4515625 0.0515625 0.05
6 0.0265625 0.5796875 0.053125 0.05
6 0.0265625 0.7046875 0.053125 0.05
17 0.08125 0.1859375 0.075 0.075
5 0.9234375 0.14375 0.140625 0.0375