2 0.503125 0.5375 0.94375 0.4
15 0.29375 0.18125 0.565625 0.1109375
11 0.1515625 0.178125 0.065625 0.0890625
19 0.2234375 0.1765625 0.0625 0.0953125
18 0.0984375 0.4046875 0.0828125 0.0890625
18 0.209375 0.40625 0.0890625 0.0890625
18 0.3015625 0.4 0.0796875 0.0921875
18 0.0953125 0.528125 0.0875 0.09375
18 0.3 0.528125 0.0890625 0.0953125
18 0.0921875 0.65 0.0890625 0.0890625
18 0.2 0.6515625 0.0890625 0.0953125
18 0.6015625 0.4015625 0.078125 0.090625
10 0.40625 0.4046875 0.1 0.0921875
10 0.20625 0.5296875 0.0890625 0.0890625
10 0.4015625 0.5234375 0.0859375 0.0921875
10 0.3046875 0.653125 0.0828125 0.0875
10 0.403125 0.65 0.0796875 0.090625
20 0.6546875 0.6328125 0.090625 0.15625
6 0.0265625 0.4546875 0.0515625 0.0515625
6 0.025 0.5734375 0.05 0.0671875
6 0.0265625 0.703125 0.053125 0.0515625
17 0.7375 0.3953125 0.103125 0.09375
17 0.0640625 0.1953125 0.0859375 0.075
5 0.921875 0.14375 0.1453125 0.0375