2 0.50625 0.5390625 0.959375 0.40625
15 0.29375 0.1828125 0.5671875 0.1140625
11 0.1484375 0.1796875 0.0671875 0.096875
19 0.2234375 0.1765625 0.0640625 0.09375
18 0.0984375 0.4015625 0.08125 0.1
18 0.1984375 0.4 0.0828125 0.10625
18 0.3015625 0.4015625 0.0828125 0.09375
18 0.1078125 0.534375 0.084375 0.090625
18 0.296875 0.525 0.0875 0.0984375
18 0.0953125 0.6578125 0.0875 0.0890625
18 0.2078125 0.65625 0.084375 0.090625
10 0.4015625 0.40625 0.08125 0.0921875
10 0.40625 0.528125 0.0828125 0.1
10 0.1984375 0.5234375 0.0765625 0.1015625
10 0.3 0.659375 0.0875 0.08125
20 0.621875 0.63125 0.096875 0.165625
20 0.9328125 0.6375 0.109375 0.153125
20 0.965625 0.5078125 0.0671875 0.1546875
6 0.025 0.446875 0.05 0.05625
6 0.0265625 0.578125 0.0515625 0.053125
6 0.0265625 0.7015625 0.0515625 0.0453125
17 0.3671875 0.478125 0.075 0.0765625
5 0.9234375 0.146875 0.1484375 0.0421875