2 0.5 0.5375 0.9484375 0.403125
15 0.29375 0.18125 0.565625 0.1125
11 0.15 0.178125 0.0703125 0.096875
19 0.2234375 0.1796875 0.0640625 0.1
18 0.103125 0.4 0.078125 0.0953125
18 0.1984375 0.4015625 0.0875 0.0984375
18 0.1015625 0.5265625 0.08125 0.1
18 0.0921875 0.653125 0.084375 0.090625
10 0.2015625 0.525 0.078125 0.1
20 0.8078125 0.5125 0.1140625 0.153125
6 0.0296875 0.45 0.0578125 0.05
6 0.0265625 0.575 0.053125 0.053125
6 0.028125 0.7046875 0.05625 0.053125
17 0.071875 0.19375 0.1015625 0.1140625
17 0.58125 0.4671875 0.1 0.0984375
5 0.921875 0.146875 0.1453125 0.0421875