2 0.503125 0.5359375 0.9515625 0.4046875
15 0.29375 0.18125 0.565625 0.1125
11 0.15 0.178125 0.06875 0.0953125
19 0.2234375 0.1765625 0.0640625 0.09375
18 0.0984375 0.4015625 0.084375 0.1015625
18 0.2046875 0.4078125 0.08125 0.1015625
18 0.303125 0.403125 0.08125 0.0984375
18 0.0984375 0.528125 0.08125 0.09375
18 0.10625 0.6546875 0.09375 0.0875
18 0.2046875 0.6578125 0.0875 0.0984375
10 0.40625 0.4 0.0875 0.096875
10 0.4109375 0.53125 0.084375 0.090625
10 0.20625 0.5265625 0.090625 0.1
10 0.30625 0.653125 0.0828125 0.0875
20 0.7328125 0.38125 0.0921875 0.1609375
20 0.75625 0.6328125 0.09375 0.1640625
6 0.028125 0.4484375 0.0546875 0.0484375
6 0.0296875 0.578125 0.0578125 0.053125
6 0.0265625 0.7015625 0.053125 0.05
17 0.7546875 0.5109375 0.078125 0.0828125
5 0.9203125 0.14375 0.14375 0.0375