2 0.5046875 0.5390625 0.946875 0.403125
15 0.29375 0.18125 0.5640625 0.1125
11 0.15 0.18125 0.065625 0.0953125
19 0.225 0.1765625 0.065625 0.096875
18 0.1 0.4015625 0.0765625 0.0953125
18 0.2 0.384375 0.0890625 0.0703125
18 0.3015625 0.4015625 0.0828125 0.09375
18 0.1015625 0.528125 0.08125 0.0984375
18 0.3015625 0.525 0.0859375 0.0984375
18 0.0953125 0.653125 0.0828125 0.090625
18 0.2 0.6515625 0.078125 0.0921875
18 0.596875 0.4046875 0.0875 0.096875
10 0.4109375 0.4078125 0.0828125 0.0875
10 0.2 0.5265625 0.071875 0.0890625
10 0.4109375 0.5265625 0.090625 0.0875
10 0.296875 0.6453125 0.0875 0.0953125
10 0.4 0.65 0.0828125 0.0953125
6 0.0296875 0.4515625 0.0578125 0.0515625
6 0.028125 0.571875 0.0546875 0.0625
6 0.0265625 0.7 0.0515625 0.0546875
17 0.215625 0.428125 0.0984375 0.0953125
17 0.0921875 0.203125 0.103125 0.1015625
17 0.7421875 0.728125 0.103125 0.1
5 0.9234375 0.1453125 0.140625 0.0390625