2 0.503125 0.5359375 0.95 0.403125
15 0.290625 0.18125 0.5671875 0.1125
11 0.1484375 0.178125 0.06875 0.09375
19 0.2234375 0.178125 0.06875 0.1015625
18 0.1 0.4015625 0.078125 0.0921875
18 0.2140625 0.4078125 0.0875 0.0828125
18 0.0953125 0.525 0.0828125 0.1015625
18 0.1 0.653125 0.0796875 0.090625
18 0.203125 0.6546875 0.084375 0.0984375
10 0.2 0.53125 0.078125 0.0953125
10 0.4078125 0.40625 0.084375 0.0890625
20 0.7640625 0.384375 0.0890625 0.1578125
6 0.0265625 0.4515625 0.053125 0.059375
6 0.0265625 0.5765625 0.0515625 0.05625
6 0.0265625 0.7015625 0.053125 0.0625
17 0.7734375 0.3234375 0.0828125 0.0921875
5 0.9203125 0.1453125 0.14375 0.0390625