2 0.5 0.5375 0.95625 0.403125
15 0.2921875 0.18125 0.5578125 0.1109375
11 0.15 0.178125 0.06875 0.09375
19 0.225 0.1796875 0.0640625 0.0984375
18 0.1 0.4015625 0.084375 0.1015625
18 0.2046875 0.403125 0.0953125 0.0953125
18 0.1046875 0.53125 0.0796875 0.090625
18 0.0953125 0.6484375 0.0953125 0.0953125
10 0.2046875 0.53125 0.0984375 0.1078125
10 0.4078125 0.4078125 0.0890625 0.1046875
20 0.9328125 0.384375 0.096875 0.1578125
6 0.028125 0.453125 0.05625 0.053125
6 0.0265625 0.578125 0.053125 0.0484375
6 0.025 0.7015625 0.05 0.053125
17 0.05625 0.6578125 0.075 0.06875
5 0.9203125 0.146875 0.1484375 0.04375