2 0.503125 0.5359375 0.946875 0.4078125
15 0.290625 0.18125 0.5671875 0.1109375
11 0.1515625 0.1796875 0.06875 0.096875
19 0.225 0.1765625 0.0671875 0.0921875
18 0.1015625 0.403125 0.0875 0.0984375
18 0.20625 0.4015625 0.084375 0.09375
18 0.1 0.5265625 0.0890625 0.1078125
18 0.1 0.6515625 0.0828125 0.1
10 0.2 0.5234375 0.09375 0.1015625
20 0.85 0.5109375 0.0890625 0.1625
6 0.025 0.4484375 0.0484375 0.0515625
6 0.0265625 0.571875 0.053125 0.0578125
6 0.028125 0.703125 0.0546875 0.053125
5 0.921875 0.14375 0.1484375 0.0375