2 0.5015625 0.5375 0.946875 0.4078125
15 0.2921875 0.1796875 0.565625 0.109375
11 0.1515625 0.178125 0.0640625 0.0953125
19 0.2234375 0.1765625 0.0640625 0.096875
18 0.1 0.4015625 0.0890625 0.096875
18 0.1015625 0.5296875 0.090625 0.10625
18 0.1 0.653125 0.084375 0.096875
18 0.19375 0.6515625 0.075 0.0953125
18 0.2078125 0.4078125 0.0859375 0.0953125
18 0.303125 0.403125 0.0875 0.096875
10 0.4015625 0.40625 0.0828125 0.090625
10 0.403125 0.5296875 0.090625 0.090625
10 0.2125 0.53125 0.0984375 0.1
20 0.9265625 0.38125 0.090625 0.165625
20 0.9046875 0.6328125 0.09375 0.165625
6 0.0265625 0.4515625 0.053125 0.0578125
6 0.025 0.575 0.05 0.05
6 0.0265625 0.7015625 0.053125 0.05
5 0.9234375 0.1453125 0.146875 0.040625