2 0.5015625 0.5375 0.9453125 0.403125
15 0.2890625 0.18125 0.5640625 0.1125
11 0.1515625 0.178125 0.0609375 0.0875
19 0.2234375 0.178125 0.065625 0.090625
18 0.0984375 0.4 0.0875 0.0953125
18 0.2078125 0.40625 0.0875 0.0859375
18 0.30625 0.4046875 0.0796875 0.0875
18 0.584375 0.4046875 0.046875 0.0953125
18 0.103125 0.5265625 0.078125 0.096875
18 0.3 0.5265625 0.0890625 0.09375
18 0.6 0.528125 0.084375 0.0890625
18 0.703125 0.5328125 0.08125 0.103125
18 0.0953125 0.6578125 0.0890625 0.0875
18 0.1984375 0.653125 0.0921875 0.096875
18 0.5953125 0.6546875 0.08125 0.0953125
10 0.409375 0.4046875 0.0859375 0.0890625
10 0.5046875 0.4 0.075 0.090625
10 0.2 0.528125 0.0875 0.0921875
10 0.4046875 0.528125 0.078125 0.0890625
10 0.5078125 0.53125 0.0765625 0.0828125
10 0.3046875 0.653125 0.0890625 0.0828125
10 0.4078125 0.65625 0.0875 0.0890625
10 0.503125 0.6515625 0.0875 0.0875
6 0.0296875 0.453125 0.059375 0.05625
6 0.0296875 0.575 0.0578125 0.053125
6 0.0265625 0.7015625 0.053125 0.0578125
5 0.9203125 0.1453125 0.146875 0.0390625