2 0.5046875 0.5375 0.9515625 0.4109375
15 0.290625 0.18125 0.5625 0.1125
11 0.15 0.1796875 0.065625 0.096875
19 0.2234375 0.178125 0.0625 0.0890625
18 0.1046875 0.40625 0.084375 0.0890625
18 0.2015625 0.403125 0.090625 0.09375
18 0.3078125 0.4015625 0.0765625 0.090625
18 0.103125 0.5296875 0.0859375 0.1
18 0.3015625 0.5265625 0.0765625 0.0890625
18 0.10625 0.65625 0.090625 0.0890625
18 0.20625 0.6546875 0.0859375 0.1
10 0.40625 0.4078125 0.0796875 0.09375
10 0.4015625 0.525 0.090625 0.09375
10 0.3046875 0.65625 0.0828125 0.096875
10 0.2078125 0.5328125 0.08125 0.084375
10 0.5453125 0.4515625 0.084375 0.0921875
20 0.521875 0.65 0.0828125 0.1203125
20 0.8171875 0.63125 0.1078125 0.1625
20 0.8890625 0.5296875 0.0765625 0.128125
6 0.0265625 0.4515625 0.0515625 0.053125
6 0.0265625 0.5765625 0.0515625 0.0546875
6 0.0265625 0.7015625 0.053125 0.0484375
17 0.5515625 0.375 0.08125 0.0828125
5 0.921875 0.1453125 0.1390625 0.0390625