2 0.4953125 0.5359375 0.953125 0.4078125
15 0.2921875 0.18125 0.5625 0.1109375
11 0.15 0.1765625 0.071875 0.096875
19 0.225 0.178125 0.06875 0.1046875
18 0.0953125 0.4 0.090625 0.1
18 0.2046875 0.4015625 0.0875 0.0921875
18 0.1015625 0.5265625 0.084375 0.0953125
18 0.096875 0.6546875 0.0890625 0.0875
18 0.203125 0.65 0.08125 0.090625
10 0.196875 0.525 0.078125 0.0953125
10 0.40625 0.4015625 0.0734375 0.0953125
20 0.7015625 0.4046875 0.0921875 0.125
20 0.9546875 0.509375 0.090625 0.153125
6 0.0265625 0.453125 0.0515625 0.0546875
6 0.0265625 0.578125 0.053125 0.0453125
6 0.0296875 0.7 0.059375 0.0546875
17 0.1875 0.6578125 0.0875 0.0828125
17 0.7734375 0.65625 0.0859375 0.0953125
5 0.921875 0.14375 0.1421875 0.0375