2 0.5015625 0.5390625 0.95 0.415625
15 0.2953125 0.1796875 0.56875 0.1078125
11 0.1484375 0.1796875 0.06875 0.0953125
19 0.221875 0.1796875 0.0625 0.096875
18 0.10625 0.403125 0.078125 0.0953125
18 0.20625 0.40625 0.0984375 0.0828125
18 0.1 0.5296875 0.0859375 0.1
18 0.10625 0.659375 0.0921875 0.090625
10 0.203125 0.5265625 0.08125 0.1109375
10 0.4 0.40625 0.0828125 0.0953125
20 0.7171875 0.525 0.096875 0.1203125
20 0.959375 0.3875 0.0796875 0.159375
6 0.028125 0.453125 0.0546875 0.05625
6 0.028125 0.5765625 0.0546875 0.05625
6 0.0265625 0.7046875 0.053125 0.0625
17 0.328125 0.303125 0.096875 0.1
5 0.925 0.146875 0.146875 0.0421875