2 0.503125 0.5375 0.946875 0.4078125
15 0.290625 0.1828125 0.565625 0.1140625
11 0.15 0.1796875 0.0640625 0.090625
19 0.2234375 0.1765625 0.06875 0.0953125
18 0.0984375 0.4 0.08125 0.0953125
18 0.203125 0.403125 0.08125 0.0921875
18 0.303125 0.4015625 0.075 0.0875
18 0.603125 0.4015625 0.0765625 0.1
18 0.103125 0.525 0.0828125 0.103125
18 0.3015625 0.528125 0.078125 0.0953125
18 0.5984375 0.5296875 0.084375 0.0890625
18 0.7 0.528125 0.078125 0.09375
18 0.0984375 0.653125 0.0828125 0.0953125
18 0.2 0.6515625 0.0828125 0.096875
18 0.6 0.653125 0.078125 0.0921875
10 0.203125 0.5265625 0.0875 0.090625
10 0.40625 0.5296875 0.0796875 0.0890625
10 0.496875 0.53125 0.0671875 0.1015625
10 0.3015625 0.65625 0.078125 0.0875
10 0.4078125 0.6484375 0.09375 0.0984375
10 0.5078125 0.653125 0.0734375 0.090625
6 0.0296875 0.4515625 0.0578125 0.0546875
6 0.028125 0.575 0.0546875 0.0609375
6 0.0265625 0.7015625 0.053125 0.05
5 0.9234375 0.1453125 0.1453125 0.0390625