2 0.5 0.5328125 0.9484375 0.4046875
15 0.290625 0.18125 0.56875 0.1125
11 0.1484375 0.1765625 0.065625 0.096875
19 0.225 0.178125 0.06875 0.096875
18 0.1 0.4 0.084375 0.090625
18 0.203125 0.4 0.0828125 0.09375
18 0.1078125 0.528125 0.0875 0.0859375
18 0.0984375 0.6515625 0.0828125 0.090625
10 0.20625 0.5265625 0.0828125 0.103125
10 0.3984375 0.3984375 0.0875 0.0921875
20 0.8953125 0.3828125 0.09375 0.1546875
6 0.0265625 0.453125 0.053125 0.05
6 0.0265625 0.5765625 0.053125 0.0546875
6 0.025 0.7046875 0.05 0.0515625
5 0.921875 0.146875 0.1515625 0.0421875