2 0.5015625 0.5390625 0.9484375 0.403125
15 0.290625 0.18125 0.5625 0.1125
11 0.15 0.178125 0.06875 0.09375
19 0.2234375 0.178125 0.0625 0.096875
18 0.1046875 0.403125 0.0765625 0.0859375
18 0.2015625 0.4015625 0.08125 0.09375
18 0.0984375 0.53125 0.0859375 0.0875
18 0.1046875 0.6546875 0.0875 0.103125
10 0.20625 0.5296875 0.084375 0.103125
10 0.3984375 0.403125 0.08125 0.0921875
20 0.875 0.3828125 0.10625 0.1453125
6 0.028125 0.4515625 0.0546875 0.05
6 0.0265625 0.575 0.053125 0.0546875
6 0.025 0.6984375 0.05 0.05625
17 0.784375 0.3015625 0.096875 0.10625
5 0.921875 0.14375 0.15625 0.0375