2 0.5015625 0.5390625 0.95 0.4046875
15 0.29375 0.1796875 0.5625 0.109375
11 0.1515625 0.1796875 0.065625 0.090625
19 0.225 0.1765625 0.0625 0.096875
18 0.1 0.3984375 0.08125 0.0984375
18 0.1984375 0.4 0.0875 0.1015625
18 0.296875 0.4 0.08125 0.0953125
18 0.0984375 0.5265625 0.084375 0.096875
18 0.2984375 0.5296875 0.0890625 0.1078125
18 0.1046875 0.6515625 0.0875 0.0953125
18 0.1984375 0.6515625 0.0828125 0.103125
18 0.5140625 0.375 0.0828125 0.1
10 0.4046875 0.4046875 0.0859375 0.0984375
10 0.40625 0.5296875 0.0875 0.09375
10 0.2 0.5234375 0.0828125 0.0921875
10 0.3046875 0.653125 0.084375 0.090625
10 0.4078125 0.653125 0.0890625 0.0953125
20 0.7171875 0.6328125 0.0953125 0.1484375
6 0.028125 0.45 0.0546875 0.0515625
6 0.0265625 0.5765625 0.0515625 0.0578125
6 0.03125 0.7015625 0.0609375 0.0546875
5 0.9234375 0.1453125 0.1421875 0.0390625