2 0.4984375 0.5375 0.95 0.409375
15 0.2921875 0.18125 0.5640625 0.1125
11 0.15 0.1765625 0.0640625 0.09375
19 0.225 0.178125 0.0671875 0.09375
18 0.0953125 0.403125 0.078125 0.0984375
18 0.1984375 0.4015625 0.08125 0.09375
18 0.1015625 0.5234375 0.08125 0.103125
18 0.1015625 0.6515625 0.0703125 0.096875
18 0.2015625 0.65 0.0875 0.0890625
10 0.203125 0.5265625 0.0921875 0.103125
10 0.4078125 0.4015625 0.090625 0.090625
20 0.88125 0.503125 0.103125 0.159375
6 0.0296875 0.4515625 0.0578125 0.05
6 0.0265625 0.575 0.053125 0.0546875
6 0.0265625 0.7 0.0515625 0.05
17 0.159375 0.415625 0.078125 0.09375
17 0.2453125 0.3625 0.0984375 0.0953125
5 0.9234375 0.1453125 0.14375 0.040625