2 0.5046875 0.5375 0.95 0.4046875
15 0.2921875 0.18125 0.5625 0.1125
11 0.1484375 0.178125 0.0671875 0.0953125
19 0.225 0.178125 0.0640625 0.0890625
18 0.103125 0.4015625 0.078125 0.090625
18 0.1953125 0.403125 0.078125 0.0921875
18 0.3046875 0.4046875 0.08125 0.090625
18 0.5984375 0.40625 0.0828125 0.0921875
18 0.1015625 0.528125 0.0796875 0.0953125
18 0.2984375 0.528125 0.0765625 0.0890625
18 0.6015625 0.528125 0.0828125 0.0921875
18 0.0953125 0.6515625 0.0859375 0.0984375
18 0.203125 0.653125 0.075 0.0875
10 0.4015625 0.4015625 0.0765625 0.0953125
10 0.5046875 0.40625 0.0953125 0.0984375
10 0.2015625 0.5328125 0.0828125 0.0890625
10 0.4078125 0.534375 0.0890625 0.0875
10 0.5015625 0.5296875 0.0875 0.0796875
10 0.3046875 0.6515625 0.084375 0.096875
10 0.4015625 0.659375 0.0953125 0.0875
20 0.8265625 0.5265625 0.0578125 0.1171875
20 0.8984375 0.6359375 0.0859375 0.1421875
20 0.940625 0.6375 0.078125 0.1484375
20 0.9234375 0.384375 0.0703125 0.15625
20 0.965625 0.3859375 0.06875 0.146875
6 0.0296875 0.453125 0.0578125 0.053125
6 0.0296875 0.5765625 0.0578125 0.0546875
6 0.0265625 0.6984375 0.053125 0.0578125
17 0.325 0.3390625 0.08125 0.0828125
5 0.9234375 0.14375 0.1453125 0.0375