2 0.5046875 0.5390625 0.94375 0.4015625
15 0.290625 0.1828125 0.5609375 0.1140625
19 0.2234375 0.178125 0.0625 0.0890625
18 0.1015625 0.4 0.084375 0.096875
18 0.1953125 0.403125 0.0828125 0.09375
18 0.30625 0.4078125 0.09375 0.0875
18 0.1109375 0.5328125 0.0859375 0.0828125
18 0.1 0.63125 0.0890625 0.0578125
18 0.2046875 0.6578125 0.0796875 0.090625
18 0.2984375 0.5328125 0.090625 0.096875
10 0.4078125 0.4078125 0.0890625 0.09375
10 0.2 0.5296875 0.0828125 0.1
10 0.403125 0.5296875 0.0921875 0.0953125
10 0.30625 0.65 0.0859375 0.090625
20 0.5828125 0.6328125 0.08125 0.153125
20 0.8953125 0.6359375 0.1046875 0.146875
20 0.9515625 0.5078125 0.0953125 0.159375
6 0.028125 0.4515625 0.0546875 0.0484375
6 0.0265625 0.578125 0.053125 0.0515625
6 0.0265625 0.7046875 0.053125 0.05
17 0.09375 0.6828125 0.084375 0.0796875
17 0.371875 0.6484375 0.0921875 0.090625
5 0.921875 0.1453125 0.14375 0.0390625