2 0.4984375 0.5359375 0.9546875 0.403125
15 0.290625 0.18125 0.565625 0.1125
11 0.15 0.178125 0.0703125 0.09375
19 0.225 0.1796875 0.06875 0.096875
18 0.1078125 0.4078125 0.084375 0.090625
18 0.20625 0.4015625 0.078125 0.0859375
18 0.0984375 0.5265625 0.0875 0.115625
18 0.0953125 0.65 0.0890625 0.103125
10 0.20625 0.5328125 0.1015625 0.1171875
20 0.8828125 0.5078125 0.0796875 0.1609375
6 0.0265625 0.4546875 0.053125 0.0578125
6 0.0296875 0.5765625 0.0578125 0.0625
6 0.028125 0.703125 0.0546875 0.0625
5 0.921875 0.1453125 0.140625 0.040625