2 0.5 0.5375 0.9453125 0.403125
15 0.2890625 0.18125 0.5625 0.1109375
11 0.15 0.1765625 0.065625 0.0953125
19 0.2234375 0.175 0.0625 0.09375
18 0.103125 0.4015625 0.0828125 0.0921875
18 0.1953125 0.4015625 0.084375 0.0921875
18 0.3 0.4 0.0890625 0.1
18 0.0984375 0.528125 0.0875 0.09375
18 0.303125 0.525 0.084375 0.1
18 0.10625 0.6546875 0.084375 0.084375
18 0.2 0.653125 0.090625 0.1015625
10 0.403125 0.4015625 0.0796875 0.0875
10 0.2 0.5234375 0.08125 0.0921875
10 0.4046875 0.5296875 0.078125 0.0953125
10 0.2984375 0.6578125 0.0828125 0.0875
10 0.40625 0.65 0.0828125 0.1
20 0.6765625 0.6359375 0.1078125 0.153125
6 0.025 0.4515625 0.05 0.053125
6 0.0265625 0.578125 0.053125 0.0609375
6 0.0265625 0.6984375 0.053125 0.0578125
17 0.203125 0.584375 0.0953125 0.0828125
17 0.7390625 0.3109375 0.0875 0.0828125
17 0.0640625 0.28125 0.075 0.0734375
5 0.9234375 0.14375 0.1453125 0.0375