2 0.5015625 0.534375 0.95 0.4109375
15 0.2921875 0.18125 0.565625 0.1125
11 0.15 0.178125 0.065625 0.096875
19 0.225 0.1796875 0.0640625 0.1
18 0.1 0.4046875 0.0796875 0.1
18 0.1953125 0.3953125 0.078125 0.103125
18 0.0953125 0.5234375 0.084375 0.1015625
18 0.1015625 0.653125 0.0859375 0.0953125
10 0.203125 0.5296875 0.0859375 0.1
20 0.7859375 0.5078125 0.0828125 0.1640625
6 0.0265625 0.4515625 0.053125 0.05625
6 0.0265625 0.5765625 0.053125 0.0578125
6 0.0265625 0.7046875 0.053125 0.053125
17 0.0828125 0.375 0.05 0.05625
17 0.5828125 0.553125 0.0875 0.0859375
5 0.921875 0.146875 0.1421875 0.04375