2 0.5015625 0.5375 0.95 0.4125
15 0.2921875 0.18125 0.56875 0.1125
11 0.15 0.178125 0.065625 0.096875
19 0.221875 0.1796875 0.0671875 0.0984375
18 0.109375 0.3859375 0.0921875 0.0609375
18 0.2046875 0.4 0.0796875 0.0890625
18 0.103125 0.528125 0.0828125 0.090625
18 0.1 0.6546875 0.0890625 0.103125
10 0.2046875 0.5296875 0.0875 0.090625
20 0.7703125 0.509375 0.103125 0.146875
6 0.0296875 0.4484375 0.0578125 0.06875
6 0.0296875 0.5765625 0.0578125 0.0609375
6 0.0265625 0.703125 0.053125 0.0546875
17 0.10625 0.41875 0.0828125 0.0828125
17 0.0890625 0.1890625 0.1 0.1046875
5 0.9234375 0.14375 0.1453125 0.0375