2 0.5015625 0.5390625 0.9515625 0.4078125
15 0.29375 0.18125 0.565625 0.1109375
11 0.1484375 0.178125 0.065625 0.0953125
19 0.225 0.1765625 0.065625 0.09375
18 0.1015625 0.4046875 0.0828125 0.0984375
18 0.203125 0.384375 0.075 0.059375
18 0.3015625 0.38125 0.0828125 0.053125
18 0.0984375 0.5296875 0.0828125 0.1015625
18 0.3015625 0.5265625 0.08125 0.09375
18 0.1015625 0.653125 0.08125 0.096875
18 0.2 0.6484375 0.0890625 0.103125
18 0.6046875 0.4046875 0.0828125 0.1046875
10 0.4046875 0.40625 0.0984375 0.0953125
10 0.2078125 0.528125 0.0890625 0.09375
10 0.403125 0.5234375 0.0984375 0.090625
10 0.3046875 0.65 0.0828125 0.0890625
10 0.40625 0.6453125 0.0921875 0.0875
6 0.028125 0.4515625 0.0546875 0.0625
6 0.0265625 0.5765625 0.053125 0.053125
6 0.0265625 0.7015625 0.053125 0.05
17 0.215625 0.428125 0.0703125 0.06875
17 0.2875 0.4296875 0.0671875 0.065625
17 0.740625 0.7265625 0.0875 0.09375
5 0.9234375 0.1453125 0.1421875 0.040625