2 0.4953125 0.5375 0.953125 0.4140625
15 0.2921875 0.18125 0.5671875 0.1125
11 0.15 0.1796875 0.06875 0.0984375
19 0.2234375 0.178125 0.065625 0.096875
18 0.1015625 0.403125 0.0828125 0.096875
18 0.196875 0.4015625 0.084375 0.09375
18 0.296875 0.4015625 0.084375 0.096875
18 0.6015625 0.396875 0.071875 0.078125
18 0.09375 0.528125 0.0828125 0.09375
18 0.3 0.5265625 0.0859375 0.096875
18 0.0953125 0.6546875 0.08125 0.0859375
18 0.1984375 0.6515625 0.084375 0.103125
18 0.5984375 0.5296875 0.08125 0.09375
10 0.4 0.403125 0.0765625 0.09375
10 0.5 0.403125 0.084375 0.09375
10 0.2015625 0.5265625 0.0828125 0.0921875
10 0.40625 0.5265625 0.0875 0.0953125
10 0.2953125 0.653125 0.0828125 0.0875
10 0.4046875 0.6515625 0.078125 0.0828125
6 0.0265625 0.45 0.0515625 0.05
6 0.025 0.578125 0.05 0.0515625
6 0.0265625 0.7015625 0.053125 0.0578125
1 0.9890625 0.45 0.0203125 0.0984375
17 0.5796875 0.43125 0.1 0.0828125
17 0.0859375 0.6828125 0.078125 0.0703125
5 0.9234375 0.14375 0.14375 0.0359375