2 0.5046875 0.5359375 0.9484375 0.4125
15 0.2921875 0.18125 0.5671875 0.1109375
11 0.15 0.1765625 0.0671875 0.09375
19 0.225 0.1796875 0.0625 0.090625
18 0.103125 0.3984375 0.0875 0.09375
18 0.196875 0.3984375 0.08125 0.0953125
18 0.303125 0.4015625 0.0796875 0.1
18 0.596875 0.40625 0.084375 0.0875
18 0.103125 0.503125 0.0703125 0.0453125
18 0.3046875 0.528125 0.090625 0.0890625
18 0.6078125 0.5125 0.0890625 0.046875
18 0.103125 0.6515625 0.0796875 0.0875
18 0.20625 0.6515625 0.0828125 0.0953125
10 0.4015625 0.4046875 0.0859375 0.0875
10 0.50625 0.40625 0.0828125 0.09375
10 0.2015625 0.5265625 0.0828125 0.0953125
10 0.4015625 0.5328125 0.090625 0.0890625
10 0.5015625 0.5328125 0.0875 0.084375
10 0.3 0.6578125 0.08125 0.0953125
10 0.4078125 0.6609375 0.0828125 0.090625
20 0.853125 0.4015625 0.065625 0.1078125
20 0.90625 0.3828125 0.0859375 0.153125
20 0.85625 0.634375 0.1125 0.1453125
6 0.028125 0.45 0.0546875 0.0546875
6 0.028125 0.575 0.0546875 0.05625
6 0.028125 0.7 0.05625 0.0484375
17 0.0890625 0.5375 0.0796875 0.0875
17 0.1171875 0.4296875 0.103125 0.0984375
17 0.290625 0.325 0.078125 0.0703125
17 0.60625 0.5546875 0.1 0.0984375
5 0.9203125 0.1453125 0.1484375 0.040625