2 0.5015625 0.540625 0.95 0.4
15 0.29375 0.1828125 0.5671875 0.1140625
11 0.15 0.178125 0.0609375 0.0953125
19 0.2234375 0.178125 0.065625 0.0875
18 0.0984375 0.4 0.0890625 0.1
18 0.2078125 0.40625 0.0875 0.0859375
18 0.096875 0.5296875 0.0875 0.090625
18 0.0984375 0.653125 0.078125 0.0953125
18 0.196875 0.6515625 0.0890625 0.0875
18 0.296875 0.40625 0.08125 0.0828125
18 0.303125 0.5328125 0.0921875 0.1015625
10 0.403125 0.3953125 0.078125 0.09375
10 0.4046875 0.5265625 0.0796875 0.0890625
10 0.203125 0.5296875 0.078125 0.0984375
10 0.2984375 0.6578125 0.078125 0.0875
20 0.5671875 0.6328125 0.0890625 0.15625
20 0.878125 0.6359375 0.1125 0.1515625
20 0.9265625 0.50625 0.0828125 0.1578125
6 0.028125 0.4515625 0.0546875 0.053125
6 0.0296875 0.578125 0.0578125 0.053125
6 0.0265625 0.7 0.053125 0.05
17 0.2796875 0.4796875 0.053125 0.0453125
17 0.3703125 0.6640625 0.0875 0.0875
17 0.0609375 0.2296875 0.1 0.0953125
5 0.921875 0.146875 0.1421875 0.0421875