2 0.5015625 0.5359375 0.9515625 0.4046875
15 0.290625 0.18125 0.5671875 0.1125
11 0.15 0.178125 0.06875 0.09375
19 0.225 0.1765625 0.0671875 0.096875
18 0.10625 0.403125 0.078125 0.0875
18 0.1984375 0.403125 0.0875 0.09375
18 0.3015625 0.4 0.0875 0.09375
18 0.5984375 0.403125 0.0953125 0.09375
18 0.0984375 0.528125 0.09375 0.0890625
18 0.3015625 0.528125 0.0765625 0.090625
18 0.5984375 0.5296875 0.065625 0.096875
18 0.6828125 0.5453125 0.078125 0.096875
18 0.1 0.6515625 0.0890625 0.0875
18 0.2015625 0.65625 0.0875 0.0890625
18 0.6 0.6546875 0.103125 0.0890625
14 0.859375 0.459375 0.0765625 0.0953125
10 0.40625 0.40625 0.0828125 0.084375
10 0.5046875 0.4 0.08125 0.09375
10 0.2046875 0.5296875 0.078125 0.1
10 0.4078125 0.5296875 0.0828125 0.0890625
10 0.503125 0.528125 0.08125 0.0953125
10 0.3046875 0.6546875 0.0828125 0.090625
10 0.4078125 0.6546875 0.0875 0.0921875
10 0.5046875 0.6515625 0.075 0.0875
6 0.028125 0.4515625 0.0546875 0.0625
6 0.0265625 0.575 0.053125 0.0578125
6 0.0296875 0.7 0.0578125 0.0578125
5 0.9234375 0.14375 0.14375 0.0359375