2 0.5 0.5359375 0.953125 0.4078125
15 0.2921875 0.18125 0.5640625 0.1125
11 0.15 0.178125 0.06875 0.0953125
18 0.1046875 0.403125 0.0828125 0.084375
18 0.1953125 0.40625 0.08125 0.084375
18 0.2984375 0.4046875 0.0953125 0.103125
18 0.6046875 0.4046875 0.08125 0.0890625
18 0.0953125 0.5296875 0.08125 0.0875
18 0.3015625 0.5296875 0.071875 0.09375
18 0.0953125 0.653125 0.078125 0.1
18 0.1953125 0.6484375 0.0875 0.1015625
10 0.40625 0.403125 0.078125 0.090625
10 0.5046875 0.4 0.078125 0.084375
10 0.2046875 0.5296875 0.0890625 0.090625
10 0.4078125 0.53125 0.078125 0.09375
10 0.303125 0.6546875 0.0890625 0.1
10 0.403125 0.65 0.0828125 0.09375
6 0.028125 0.4515625 0.05625 0.05625
6 0.028125 0.578125 0.0546875 0.05625
6 0.0296875 0.703125 0.0578125 0.0515625
17 0.5875 0.3515625 0.078125 0.08125
5 0.921875 0.1453125 0.140625 0.040625