2 0.5 0.5375 0.9484375 0.403125
15 0.290625 0.18125 0.5671875 0.1125
11 0.15 0.178125 0.065625 0.09375
19 0.225 0.1765625 0.06875 0.096875
18 0.10625 0.403125 0.0703125 0.0796875
18 0.196875 0.4015625 0.090625 0.0890625
18 0.10625 0.5296875 0.0796875 0.0953125
18 0.0984375 0.6546875 0.084375 0.1
18 0.2 0.65625 0.0890625 0.1140625
18 0.3265625 0.4984375 0.0875 0.0828125
10 0.203125 0.528125 0.0859375 0.09375
10 0.40625 0.4015625 0.0859375 0.1015625
20 0.7578125 0.50625 0.1078125 0.146875
20 0.9859375 0.6171875 0.028125 0.1171875
6 0.0296875 0.4515625 0.059375 0.0515625
6 0.0296875 0.578125 0.0578125 0.0515625
6 0.028125 0.7015625 0.0546875 0.05
17 0.2546875 0.4046875 0.0875 0.0875
17 0.246875 0.5890625 0.0921875 0.0734375
17 0.08125 0.421875 0.078125 0.0875
5 0.9203125 0.1453125 0.15 0.040625