2 0.503125 0.5375 0.9609375 0.4140625
15 0.2921875 0.184375 0.5640625 0.11875
11 0.15 0.1796875 0.065625 0.09375
19 0.221875 0.1765625 0.065625 0.0953125
18 0.1 0.4046875 0.0875 0.090625
18 0.2 0.403125 0.08125 0.09375
18 0.30625 0.4015625 0.0765625 0.0921875
18 0.6015625 0.3890625 0.075 0.05625
18 0.10625 0.5328125 0.0890625 0.0953125
18 0.5953125 0.4953125 0.08125 0.034375
18 0.103125 0.6515625 0.090625 0.090625
18 0.2015625 0.65625 0.084375 0.1
10 0.4015625 0.4015625 0.0828125 0.096875
10 0.4984375 0.40625 0.0734375 0.090625
10 0.2 0.5328125 0.0828125 0.0875
10 0.3015625 0.653125 0.0734375 0.096875
10 0.40625 0.659375 0.0796875 0.08125
10 0.40625 0.496875 0.0859375 0.028125
18 0.2875 0.55 0.040625 0.040625
1 0.9734375 0.45625 0.0515625 0.1203125
17 0.084375 0.6859375 0.0890625 0.0921875
17 0.278125 0.5171875 0.0859375 0.0828125
17 0.58125 0.4296875 0.078125 0.08125
17 0.534375 0.240625 0.09375 0.0875
6 0.0296875 0.453125 0.059375 0.0625
6 0.0265625 0.5765625 0.053125 0.0515625
6 0.025 0.7015625 0.05 0.0640625
5 0.921875 0.1453125 0.1484375 0.040625