2 0.5015625 0.5421875 0.953125 0.4109375
15 0.2921875 0.1828125 0.565625 0.115625
11 0.1484375 0.178125 0.065625 0.09375
19 0.2265625 0.1765625 0.065625 0.0953125
18 0.1015625 0.4 0.078125 0.096875
18 0.2 0.4046875 0.0859375 0.0984375
18 0.096875 0.5296875 0.0828125 0.0953125
18 0.1 0.6515625 0.0828125 0.0921875
10 0.2015625 0.5359375 0.096875 0.096875
10 0.4078125 0.4046875 0.090625 0.090625
20 0.9109375 0.3859375 0.090625 0.1515625
6 0.0265625 0.45 0.053125 0.05
6 0.0265625 0.578125 0.053125 0.05
6 0.025 0.7015625 0.05 0.05625
17 0.053125 0.225 0.0921875 0.1046875
5 0.921875 0.1453125 0.1484375 0.0390625