2 0.50625 0.5375 0.9515625 0.4078125
15 0.290625 0.18125 0.5671875 0.1125
11 0.1484375 0.178125 0.0625 0.0953125
19 0.2234375 0.1796875 0.065625 0.090625
18 0.1 0.3953125 0.08125 0.1015625
18 0.2015625 0.3984375 0.078125 0.096875
18 0.29375 0.403125 0.0828125 0.0953125
18 0.0921875 0.5328125 0.0828125 0.0875
18 0.3078125 0.53125 0.084375 0.0890625
18 0.0984375 0.6546875 0.084375 0.1015625
18 0.1984375 0.6546875 0.0875 0.0953125
10 0.4015625 0.4015625 0.0828125 0.10625
10 0.4 0.525 0.0875 0.090625
10 0.1984375 0.528125 0.0828125 0.0921875
10 0.303125 0.653125 0.0921875 0.09375
20 0.6015625 0.6328125 0.0953125 0.153125
20 0.9171875 0.6328125 0.090625 0.1515625
20 0.9625 0.50625 0.075 0.15625
6 0.025 0.446875 0.0484375 0.0546875
6 0.025 0.575 0.05 0.05625
6 0.028125 0.7015625 0.05625 0.05625
17 0.3703125 0.5671875 0.090625 0.090625
17 0.0859375 0.628125 0.0453125 0.0421875
5 0.9203125 0.1453125 0.14375 0.040625