2 0.496875 0.5328125 0.9421875 0.4078125
15 0.2890625 0.18125 0.5625 0.1125
11 0.15 0.178125 0.0640625 0.09375
19 0.2234375 0.178125 0.071875 0.096875
18 0.109375 0.4046875 0.0953125 0.0984375
18 0.09375 0.521875 0.0859375 0.0875
18 0.1046875 0.65625 0.090625 0.090625
6 0.028125 0.4484375 0.05625 0.0640625
6 0.0296875 0.5765625 0.0578125 0.05625
6 0.028125 0.703125 0.0546875 0.059375
17 0.3 0.3671875 0.10625 0.0859375
17 0.0703125 0.6796875 0.0890625 0.0828125
17 0.05625 0.209375 0.084375 0.0859375
5 0.9203125 0.14375 0.1453125 0.0375