2 0.5015625 0.5375 0.95 0.403125
15 0.2921875 0.18125 0.5625 0.1109375
11 0.1515625 0.178125 0.0625 0.09375
19 0.2234375 0.1796875 0.065625 0.0953125
18 0.1046875 0.403125 0.0875 0.09375
18 0.2015625 0.3984375 0.0859375 0.084375
18 0.3015625 0.3734375 0.0765625 0.0421875
18 0.609375 0.4046875 0.0875 0.09375
18 0.103125 0.5265625 0.0828125 0.090625
18 0.2953125 0.5296875 0.078125 0.0859375
18 0.6015625 0.5109375 0.0921875 0.0578125
18 0.0984375 0.6578125 0.0828125 0.075
18 0.1984375 0.6546875 0.08125 0.08125
10 0.4046875 0.4 0.075 0.090625
10 0.503125 0.403125 0.090625 0.090625
10 0.203125 0.5296875 0.078125 0.0890625
10 0.40625 0.5296875 0.0921875 0.0953125
10 0.50625 0.528125 0.0875 0.090625
10 0.3 0.653125 0.0859375 0.090625
10 0.403125 0.6484375 0.090625 0.0953125
20 0.8421875 0.63125 0.0859375 0.1453125
20 0.8328125 0.396875 0.0640625 0.1203125
20 0.8984375 0.3875 0.0921875 0.134375
6 0.028125 0.45 0.0546875 0.059375
6 0.028125 0.575 0.05625 0.059375
6 0.0265625 0.7015625 0.053125 0.0578125
17 0.296875 0.40625 0.0890625 0.0828125
17 0.6046875 0.5546875 0.0890625 0.0890625
17 0.0609375 0.2125 0.0984375 0.0953125
5 0.9234375 0.14375 0.1515625 0.0375