2 0.5015625 0.5390625 0.9484375 0.4015625
15 0.2921875 0.1796875 0.56875 0.109375
11 0.1515625 0.178125 0.0625 0.0953125
19 0.2234375 0.1765625 0.0640625 0.0953125
18 0.10625 0.4046875 0.084375 0.090625
18 0.2 0.4046875 0.078125 0.0828125
18 0.2984375 0.4015625 0.0859375 0.0953125
18 0.0953125 0.525 0.0875 0.1015625
18 0.0953125 0.653125 0.0921875 0.10625
18 0.1953125 0.6546875 0.084375 0.0890625
18 0.3 0.534375 0.08125 0.096875
10 0.40625 0.4015625 0.09375 0.1
10 0.40625 0.53125 0.1 0.0984375
10 0.209375 0.5328125 0.0875 0.09375
10 0.3109375 0.653125 0.0875 0.0984375
20 0.70625 0.6328125 0.1 0.1578125
6 0.028125 0.453125 0.0546875 0.04375
6 0.0265625 0.578125 0.053125 0.0546875
6 0.025 0.7 0.05 0.053125
5 0.9234375 0.1453125 0.146875 0.0390625