2 0.5015625 0.5390625 0.9546875 0.4125
15 0.2890625 0.1796875 0.565625 0.109375
11 0.15 0.1796875 0.0640625 0.0953125
19 0.2234375 0.178125 0.0640625 0.1015625
18 0.1078125 0.4078125 0.0890625 0.0921875
18 0.20625 0.403125 0.0890625 0.090625
18 0.10625 0.51875 0.0875 0.103125
18 0.1 0.65625 0.0953125 0.103125
10 0.2046875 0.5265625 0.0890625 0.10625
10 0.2390625 0.29375 0.0875 0.084375
20 0.740625 0.5078125 0.1125 0.15625
20 0.9734375 0.378125 0.0515625 0.1359375
6 0.0265625 0.4515625 0.053125 0.0546875
6 0.0296875 0.578125 0.0578125 0.053125
6 0.0296875 0.7015625 0.053125 0.046875
17 0.5203125 0.2453125 0.0890625 0.0890625
5 0.921875 0.1453125 0.15 0.0390625