2 0.5046875 0.578125 0.9484375 0.4125
6 0.028125 0.4875 0.05625 0.059375
6 0.03125 0.615625 0.0609375 0.05625
6 0.028125 0.7421875 0.05625 0.0609375
18 0.1015625 0.44375 0.08125 0.1
18 0.103125 0.56875 0.0828125 0.090625
18 0.1078125 0.6921875 0.08125 0.09375
10 0.2 0.446875 0.0796875 0.090625
10 0.2078125 0.56875 0.0828125 0.0984375
10 0.203125 0.6875 0.0859375 0.0984375
15 0.29375 0.2171875 0.559375 0.1078125
11 0.1484375 0.2171875 0.065625 0.09375
19 0.2265625 0.21875 0.06875 0.090625
5 0.925 0.1828125 0.1421875 0.0453125
1 0.8359375 0.409375 0.128125 0.1921875
20 0.95625 0.5359375 0.0875 0.1390625
20 0.9421875 0.671875 0.0640625 0.146875
20 0.9703125 0.6734375 0.0578125 0.1390625
16 0.4921875 0.5328125 0.50625 0.5078125
13 0.4890625 0.725 0.38125 0.0546875
7 0.48125 0.53125 0.125 0.1546875