2 0.5046875 0.578125 0.9421875 0.4046875
6 0.0265625 0.4890625 0.0515625 0.05625
6 0.0296875 0.615625 0.059375 0.0546875
6 0.0296875 0.7390625 0.059375 0.05
10 0.203125 0.4453125 0.090625 0.096875
10 0.20625 0.5734375 0.084375 0.1015625
10 0.2125 0.7 0.0890625 0.0875
18 0.1046875 0.4453125 0.0921875 0.10625
18 0.1 0.5515625 0.0875 0.065625
18 0.103125 0.690625 0.084375 0.0953125
18 0.2828125 0.5703125 0.040625 0.0875
10 0.2921875 0.675 0.0390625 0.0484375
15 0.2921875 0.2203125 0.5578125 0.1078125
11 0.1515625 0.2203125 0.0703125 0.09375
19 0.225 0.2171875 0.0671875 0.1
5 0.9234375 0.1828125 0.1390625 0.040625
20 0.875 0.41875 0.1046875 0.153125
20 0.9125 0.6734375 0.1171875 0.1609375
9 0.4984375 0.5296875 0.5203125 0.6125
12 0.496875 0.6046875 0.259375 0.059375
4 0.5 0.6625 0.25625 0.0515625
0 0.4984375 0.7671875 0.425 0.10625
17 0.1 0.590625 0.084375 0.084375