2 0.5046875 0.578125 0.9453125 0.403125
6 0.03125 0.4859375 0.0609375 0.0578125
6 0.028125 0.61875 0.0546875 0.0640625
6 0.028125 0.7390625 0.05625 0.05625
18 0.10625 0.4140625 0.08125 0.05625
18 0.10625 0.571875 0.08125 0.1046875
18 0.1015625 0.69375 0.08125 0.0984375
10 0.2015625 0.44375 0.09375 0.1015625
10 0.20625 0.56875 0.084375 0.115625
10 0.1984375 0.6984375 0.0796875 0.0953125
15 0.2953125 0.2203125 0.55625 0.1078125
11 0.15 0.2171875 0.0671875 0.096875
19 0.225 0.21875 0.0671875 0.090625
5 0.925 0.1828125 0.1421875 0.04375
20 0.76875 0.5484375 0.065625 0.15
20 0.8296875 0.4234375 0.1 0.1640625
16 0.49375 0.525 0.50625 0.5015625
13 0.490625 0.7265625 0.384375 0.065625
17 0.09375 0.446875 0.084375 0.0828125
7 0.48125 0.534375 0.1328125 0.15625