2 0.503125 0.5765625 0.94375 0.40625
6 0.03125 0.490625 0.0609375 0.0578125
6 0.03125 0.6140625 0.0609375 0.05625
6 0.0265625 0.7390625 0.0515625 0.0546875
18 0.103125 0.440625 0.0828125 0.09375
18 0.1046875 0.5671875 0.0828125 0.0984375
18 0.103125 0.6890625 0.0859375 0.1046875
10 0.2015625 0.4453125 0.084375 0.0828125
10 0.2 0.56875 0.084375 0.0984375
10 0.2078125 0.696875 0.0890625 0.096875
15 0.29375 0.221875 0.5625 0.1109375
11 0.15 0.2171875 0.0671875 0.096875
19 0.225 0.2171875 0.0671875 0.0953125
20 0.9078125 0.4234375 0.09375 0.1609375
20 0.853125 0.5484375 0.103125 0.15625
16 0.496875 0.528125 0.503125 0.496875
13 0.490625 0.7265625 0.3765625 0.0640625
5 0.9234375 0.178125 0.146875 0.046875
17 0.0625 0.7 0.071875 0.0765625
17 0.234375 0.5765625 0.0328125 0.075
7 0.4828125 0.5265625 0.1265625 0.16875