2 0.50625 0.578125 0.946875 0.403125
6 0.028125 0.4921875 0.05625 0.0578125
6 0.0265625 0.6140625 0.053125 0.0484375
6 0.0265625 0.740625 0.053125 0.05625
18 0.103125 0.4453125 0.09375 0.1046875
18 0.10625 0.565625 0.0890625 0.0984375
18 0.096875 0.69375 0.0859375 0.103125
18 0.4078125 0.6984375 0.0875 0.09375
18 0.296875 0.5703125 0.090625 0.0953125
18 0.4125 0.4453125 0.0796875 0.0953125
10 0.209375 0.44375 0.0859375 0.0984375
10 0.30625 0.446875 0.084375 0.0984375
10 0.2078125 0.56875 0.0859375 0.090625
10 0.209375 0.696875 0.0828125 0.103125
10 0.303125 0.69375 0.078125 0.096875
10 0.4140625 0.571875 0.0890625 0.09375
15 0.29375 0.21875 0.56875 0.1203125
11 0.1515625 0.21875 0.06875 0.0890625
19 0.225 0.21875 0.05625 0.0875
5 0.925 0.1796875 0.1421875 0.0515625
17 0.0859375 0.403125 0.0671875 0.08125