2 0.503125 0.5796875 0.946875 0.4109375
6 0.028125 0.4890625 0.05625 0.05625
6 0.0296875 0.615625 0.0578125 0.0578125
6 0.028125 0.740625 0.05625 0.0515625
15 0.2921875 0.2203125 0.5625 0.1140625
11 0.1515625 0.2171875 0.0671875 0.090625
19 0.225 0.215625 0.075 0.096875
18 0.1046875 0.4421875 0.0828125 0.1
5 0.9234375 0.184375 0.1453125 0.0421875
9 0.4953125 0.5296875 0.5140625 0.6125
12 0.4984375 0.6078125 0.253125 0.0453125
4 0.4984375 0.6625 0.253125 0.05
0 0.4984375 0.7671875 0.421875 0.1015625