2 0.5046875 0.5796875 0.946875 0.4046875
6 0.0265625 0.4875 0.053125 0.0546875
6 0.028125 0.615625 0.05625 0.059375
6 0.0296875 0.7421875 0.059375 0.0546875
18 0.1078125 0.446875 0.08125 0.0921875
18 0.1015625 0.5671875 0.0796875 0.09375
18 0.10625 0.69375 0.078125 0.0984375
18 0.28125 0.565625 0.04375 0.0921875
10 0.2015625 0.446875 0.0875 0.096875
10 0.20625 0.56875 0.0796875 0.1015625
10 0.2 0.69375 0.0828125 0.090625
10 0.2828125 0.6703125 0.0328125 0.0390625
15 0.2953125 0.221875 0.553125 0.10625
11 0.15 0.21875 0.0671875 0.090625
19 0.225 0.2203125 0.065625 0.0953125
5 0.925 0.1828125 0.1390625 0.0453125
20 0.9609375 0.5328125 0.078125 0.128125
20 0.9625 0.675 0.075 0.1625
1 0.8421875 0.4078125 0.121875 0.1828125
9 0.5 0.534375 0.521875 0.609375
12 0.5 0.609375 0.2609375 0.05625
4 0.4984375 0.665625 0.2546875 0.046875
0 0.4984375 0.7640625 0.4171875 0.103125