2 0.5078125 0.5796875 0.9453125 0.4015625
6 0.0296875 0.490625 0.0578125 0.05625
6 0.028125 0.6171875 0.05625 0.05625
6 0.028125 0.74375 0.05625 0.053125
18 0.103125 0.440625 0.0765625 0.103125
18 0.1046875 0.56875 0.0875 0.1
18 0.10625 0.690625 0.0796875 0.096875
18 0.284375 0.575 0.0359375 0.0953125
18 0.8046875 0.56875 0.084375 0.103125
10 0.2078125 0.5703125 0.0953125 0.0953125
20 0.765625 0.4234375 0.09375 0.1609375
15 0.290625 0.2203125 0.5609375 0.1171875
11 0.1515625 0.21875 0.0640625 0.0890625
19 0.228125 0.2171875 0.0609375 0.0890625
5 0.9234375 0.184375 0.146875 0.0453125
9 0.49375 0.53125 0.5171875 0.6046875
12 0.4984375 0.6078125 0.2546875 0.053125
4 0.5 0.665625 0.2546875 0.0515625
0 0.496875 0.7671875 0.4234375 0.1078125